r1: 0.5714285714285714
r2: 1.0
r3: 0.2857142857142857
r4: 0.14285714285714285
r5: 0.0
r6: 0.42857142857142855
r7: 0.8571428571428571
r8: 0.7142857142857143
r9: 0.5714285714285714
