r1 = 0.36363637
r2 = 0.17171717
r3 = 0.56565654
r4 = 0.97979796
r5 = 0.7676768
