r1 = 0.46666667
r2 = 0.13333334
r3 = 0.8666667
r4 = 0.53333336
r5 = 0.2
r6 = 0.93333334
r7 = 0.6
r8 = 0.26666668
r9 = 1.0
r10 = 0.6666667
r11 = 0.33333334
r12 = 0.0
r13 = 0.73333335
r14 = 0.4
r15 = 0.06666667
r16 = 0.8
r17 = 0.46666667
