r1 = 0.36363637
r2 = 0.17171717
r3 = 0.56565654
r4 = 0.97979796
r5 = 0.7676768
r6 = 0.7777778
r7 = 0.969697
r8 = 0.57575756
r9 = 0.16161616
r10 = 0.37373737
