r1: 0.5714286
r2: 1.0
r3: 0.2857143
r4: 0.14285715
r5: 0.0
r6: 0.42857143
r7: 0.85714287
r8: 0.71428573
r9: 0.5714286
r1: 0.5714286
r2: 1.0
r3: 0.2857143
r4: 0.14285715
r5: 0.0
r6: 0.42857143
r7: 0.85714287
r8: 0.71428573
r9: 0.5714286
