r1 = 0.7373737
r2 = 0.93939394
r3 = 0.93939394
