r1 = 1.0
r2 = 0.42857143
r3 = 0.42857143
r4 = 0.42857143
r5 = 0.42857143
r6 = 0.42857143
r7 = 0.42857143
r8 = 0.42857143
r9 = 0.42857143
r10 = 0.42857143
