r1 = 0.7373737
r2 = 0.93939394
r3 = 0.93939394
r4 = 0.93939394
r5 = 0.93939394
r6 = 0.93939394
r7 = 0.93939394
r8 = 0.93939394
r9 = 0.93939394
r10 = 0.93939394
