r1 = 0.71428573
r2 = 0.0
r3 = 1.0
r4 = 0.2857143
r5 = 0.14285715
r6 = 0.5714286
r7 = 0.42857143
r8 = 0.85714287
r9 = 0.71428573
