r1 = 0.71428573
r2 = 0.0
r3 = 1.0
r4 = 0.2857143
