r1: 0.14285715
r2: 0.71428573
r3: 0.14285715
